0.0
0.0
0.0
0.0
0.0
0.0
0.0
0.0
0.0
0.0
0.0
0.0
0.0
0.0
0.0
0.0
0.0
0.0
0.0
0.0
0.0
0.0
0.0
0.0
0.0
0.0
0.0
0.0
0.0
0.0
0.0
0.0
0.0
0.0
0.0
0.0
0.0
0.0
0.0
0.0
0.0
0.0
0.022575493227964188
0.02304532600097406
0.024673128868349582
0.025513052227023818
0.02557273898169769
0.025556238114601313
0.025616085134046427
0.02551395322038349
0.025719647406911603
0.025231036162186905
0.025979490739721584
0.009437861565334407
0.0
0.0
0.14392763410428613
0.14690520268218782
0.1573229426438836
0.16262982830143152
0.16303164145099336
0.1629241954920319
0.16330731588703296
0.16265544953545236
0.16396717753160409
0.16085194687330664
0.16562355926150024
0.06016792142457643
0.0
0.0
0.1398326122165287
0.1427268437405812
0.1528450873391159
0.1580047011149498
0.15839343097319253
0.158289216227399
0.158661314302789
0.1580280517043851
0.1593024317285554
0.1562758463412124
0.16091170328229715
0.05845619356576102
0.0
0.0
0.14209472738694942
0.1450334071312778
0.15532064940238213
0.16055733982607404
0.16095519550607848
0.16084899555921553
0.1612273224337919
0.1605837176592097
0.1618787596295979
0.15880319360071257
0.16351403548369273
0.05940157067096387
0.0
0.0
0.14463713238029108
0.14763071814951917
0.15809681436118192
0.16343346822689114
0.163835660800253
0.1637278541066802
0.16411274499331047
0.16345772038920062
0.16477588868480028
0.16164531188125197
0.1664404522193438
0.06046468395024946
0.0
0.0
0.1369525150336381
0.13978487206556528
0.14969977934731307
0.15474702597491502
0.1551304550371535
0.155028101355119
0.15539273497888065
0.15477242236554553
0.15602059808544308
0.15305633274232583
0.15759669585838193
0.057251912601587615
0.0
0.0
0.1551488952776328
0.15835981236575225
0.1695870723648585
0.17531094970050437
0.17574265082961638
0.17562697971779778
0.17603986377210876
0.17533722449906866
0.1767511975373594
0.17339309862997326
0.1785367333307076
0.06485903511598821
0.0
0.0
0.1244716098719563
0.12704685958551087
0.13605592002663702
0.1406459275508519
0.14099320086829992
0.140900302908441
0.14123161691662653
0.14066787704993144
0.14180228305465684
0.13910816831269007
0.1432347587282913
0.05203449173960303
0.0
0.0
0.0
0.0
0.0
0.0
0.0
0.0
0.0
0.0
0.0
0.0
0.0
0.0
0.0
0.0
0.0
0.0
0.0
0.0
0.0
0.0
0.0
0.0
0.0
0.0
0.0
0.0
0.0
0.0
0.0
0.0
0.0
0.0
0.0
0.0
0.0
0.0
0.0
0.0
0.0
0.0
0.0
0.0
