60
50.11727519257667 0.2961586063202364
50.5769133623679 0.5982858381242082
51.25 0.7111111111111111
51.9230866376321 0.5982858381242082
52.38272480742333 0.2961586063202364
52.83112165685559 0.8361915786468571
54.12889102300558 1.6892353245415566
56.02932331190927 2.00779281744172
57.92975560081297 1.6892353245415566
59.22752496696295 0.8361915786468571
59.561798608090164 0.007959801629964722
59.57415222056342 0.01608002093424384
59.5922426491412 0.019112405516886307
59.61033307771898 0.01608002093424384
59.62268669019223 0.007959801629964722
59.63166278197455 0.0147077956175499
59.65448928140777 0.02971200444700409
59.68791603480251 0.03531512054821683
59.721342788197255 0.02971200444700409
59.74416928763048 0.0147077956175499
59.75760295831811 0.019216661048862133
59.787427217095335 0.03882060462269848
59.83110137511696 0.046141428608445695
59.87477553313858 0.03882060462269848
59.90459979191581 0.019216661048862133
59.916327621007916 0.01039998201747535
59.9324683935479 0.02100955982712151
59.95610467754637 0.024971561218064584
59.97974096154484 0.02100955982712151
59.995881734084826 0.01039998201747535
60.004118265915174 0.01039998201747535
60.02025903845516 0.02100955982712151
60.04389532245363 0.024971561218064584
60.0675316064521 0.02100955982712151
60.083672378992084 0.01039998201747535
60.09540020808419 0.019216661048862133
60.12522446686142 0.03882060462269848
60.16889862488304 0.046141428608445695
60.212572782904665 0.03882060462269848
60.24239704168189 0.019216661048862133
60.25583071236952 0.0147077956175499
60.278657211802745 0.02971200444700409
60.31208396519749 0.03531512054821683
60.34551071859223 0.02971200444700409
60.36833721802545 0.0147077956175499
60.37731330980777 0.007959801629964722
60.38966692228102 0.01608002093424384
60.4077573508588 0.019112405516886307
60.42584777943658 0.01608002093424384
60.438201391909836 0.007959801629964722
63.58707965487712 7.94399813033253
75.91616509601654 16.04809543952255
93.97067668809072 19.074459484108388
112.0251882801649 16.04809543952255
124.35427372130432 7.94399813033253
128.55547673319003 2.6654274568821275
132.69222026131106 5.384572543117874
138.75 6.4
144.80777973868894 5.384572543117874
148.94452326680997 2.6654274568821275
60
0.0012726346505741234 0.002961289904596044
0.005868556710316593 0.005982260095403958
0.01259875 0.007110400000000001
0.019328943289683407 0.005982260095403958
0.023924865349425877 0.002961289904596044
0.028404142836045445 0.00835036560082208
0.041363910608923485 0.01686902009772872
0.06034198311909274 0.020050194841083863
0.07932005562926199 0.01686902009772872
0.09227982340214003 0.00835036560082208
0.09561798608090166 7.959801629965267e-05
0.09574152220563417 0.00016080020934244944
0.095922426491412 0.00019112405516887618
0.09610333077718983 0.00016080020934244944
0.09622686690192234 7.959801629965267e-05
0.0963166278197455 0.00014707795617549887
0.09654489281407776 0.00029712004447004066
0.09687916034802517 0.000353151205482168
0.09721342788197258 0.00029712004447004066
0.09744169287630484 0.00014707795617549887
0.09757602958318111 0.00019216661048861668
0.09787427217095336 0.0003882060462269753
0.0983110137511696 0.00046141428608444574
0.09874775533138584 0.0003882060462269753
0.0990459979191581 0.00019216661048861668
0.0991674981170119 0.00011466153000228275
0.09934545281652425 0.00023163388844368808
0.09960604677546372 0.0002753156121806476
0.0998666407344032 0.00023163388844368808
0.10004459543391554 0.00011466153000228275
0.10012696075221895 9.333811034722414e-05
0.10027182150350633 0.00018855730809874186
0.1004839532245363 0.00022411561218064376
0.10069608494556626 0.00018855730809874186
0.10084094569685363 9.333811034722414e-05
0.10095400208084192 0.00019216661048861668
0.10125224466861417 0.0003882060462269753
0.10168898624883041 0.00046141428608444574
0.10212572782904665 0.0003882060462269753
0.1024239704168189 0.00019216661048861668
0.10255830712369517 0.00014707795617549887
0.10278657211802743 0.00029712004447004066
0.10312083965197484 0.000353151205482168
0.10345510718592225 0.00029712004447004066
0.10368337218025452 0.00014707795617549887
0.10377313309807767 7.959801629965267e-05
0.10389666922281018 0.00016080020934244944
0.10407757350858801 0.00019112405516887618
0.10425847779436584 0.00016080020934244944
0.10438201391909835 7.959801629965267e-05
0.13587185202550445 0.07944264673078219
0.2591668431804267 0.16048633896776865
0.4397180168809073 0.1907509948410839
0.6202691905813879 0.16048633896776865
0.7435641817363101 0.07944264673078219
0.7855762118551671 0.026651609141364385
0.8269395103928493 0.0538403408586356
0.88751125 0.06399359999999998
0.9480829896071507 0.0538403408586356
0.9894462881448328 0.026651609141364385
