0.026399618687501857
0.026421085828502118
0.02649225619067403
0.026532613324038227
0.026530585896120118
0.026530915922560554
0.026532002456817087
0.026529187684904622
0.02653582311824608
0.02651904950179658
0.026545332997109723
0.02606304991195735
0.024557964137617263
0.018227681830849995
0.028566334190370492
0.028594932010024127
0.028672291697063656
0.028702074119016627
0.028712384867326152
0.02870989744661273
0.02871463733311226
0.028708620094651725
0.028718553869005823
0.028697356716220146
0.028728132609662105
0.028190193312272963
0.026588749705494154
0.01972385201867269
0.037087729288498246
0.03710331279560111
0.03722222731354737
0.03727167185543229
0.037264914937635236
0.037267541918158106
0.0372657236925553
0.037264879499656886
0.03727108655092292
0.03725120416352646
0.03728507821023463
0.03663082303523856
0.034476356338506695
0.025606315241710666
0.04314391440580943
0.04319720205929273
0.04329189541985149
0.04336232237421406
0.043366954866728896
0.043364225099918885
0.04337082422769634
0.04336183377505701
0.043377013268262495
0.04334453324791149
0.04339163340083133
0.04257229411702761
0.04016603853538314
0.02979001063767371
0.04348217074071201
0.04351704408388955
0.043640388820991236
0.04369419737686257
0.04369902858743332
0.04369810826758684
0.04370153546486695
0.04369563413178022
0.04370766295549471
0.043678893057094374
0.043722987281259784
0.042923827108547814
0.04045273957409174
0.030022187861389004
0.043509291733087145
0.0435470530902101
0.04366553087022832
0.043723560583397394
0.04372731840781275
0.04372631134618434
0.043730015521890105
0.04372379436107404
0.043736190173740516
0.04370693227561574
0.04375148698749476
0.042948105146702505
0.04048201278973633
0.030041076851008416
0.04349841362350379
0.04353341235761703
0.04365701838789101
0.04371008632325651
0.04371549485117317
0.043714459118907256
0.04371802136802875
0.043712014305066195
0.043724133557425306
0.043695273631737884
0.043739426649343764
0.04293987851753722
0.040467931958266895
0.030033479763023993
0.04353066718680651
0.04356746337275546
0.043687657267862084
0.043744366113152626
0.04374843664545417
0.04374746847863239
0.04375107060789702
0.04374496035194604
0.04375723732259611
0.04372812226591714
0.04377256032291482
0.04296991627091122
0.040500648255816
0.03005574851624195
0.04346806785573994
0.04350361751251225
0.04362607263669262
0.04368010765698546
0.04368518702094182
0.0436841552964107
0.043687746227216676
0.04368169937164407
0.04369386408505108
0.04366495109659111
0.043709142637191875
0.04290954208756561
0.04044039171874767
0.030012573358109137
0.043595555819975394
0.04363208404419583
0.043753088263649986
0.04380924186252956
0.04381355203821586
0.04381257149453997
0.04381617129979946
0.04381006963259883
0.04382233968657239
0.04379321896247084
0.043837684326584046
0.043034214789756595
0.04056060419254283
0.030100535142595374
0.04338968931733267
0.04342570828345486
0.043546844490149825
0.04360196394158273
0.043606565089201174
0.04360556685796467
0.043609151484203745
0.043603092545887914
0.04361527724383066
0.04358634359654606
0.043630539875752314
0.04283149658518748
0.040368409926699995
0.02995842748981082
0.0
0.0
0.0
0.0
0.0
0.0
0.0
0.0
0.0
0.0
0.0
0.0
0.0
0.0
0.0
0.0
0.0
0.0
0.0
0.0
0.0
0.0
0.0
0.0
0.0
0.0
0.0
0.0
0.0
0.0
0.0
0.0
0.0
0.0
0.0
0.0
0.0
0.0
0.0
0.0
0.0
0.0
