4.944666242075279605e-02
4.729510192370711685e-02
4.874181425731943101e-02
5.039626200941058065e-02
5.336066148436161005e-02
5.349667410937349044e-02
5.365119923745814007e-02
5.378689508039414396e-02
5.392485257356307432e-02
5.407432630387636746e-02
5.422289589963774636e-02
8.193165106524891161e-02
-2.738235420142788937e-03
9.506850962721095834e-04
6.215364821766485720e-02
5.831639474993609989e-02
5.640276659391908060e-02
5.545668468066335816e-02
5.544669715739147103e-02
5.543593144166670400e-02
5.543099664512914082e-02
5.542111862126905542e-02
5.542083445652715851e-02
5.539525534308667454e-02
5.542147379378101896e-02
3.939890294973561607e-02
-9.956334514645824932e-03
1.441331999753062143e-03
7.510803852997906260e-02
7.106798019828010349e-02
7.078928861593596078e-02
7.108417016407087008e-02
7.290983059360971186e-02
7.298696164809695408e-02
7.307919528901264672e-02
7.315747083979615151e-02
7.324159341007033253e-02
7.332185198779511692e-02
7.342425410975231270e-02
8.346131622639339775e-02
-5.380401872641675867e-03
1.465845624533913209e-03
9.205819272361902283e-02
8.658193654216921054e-02
8.444433281530547286e-02
8.358637596142944048e-02
8.426178179902558962e-02
8.427953173949877252e-02
8.430906353907369200e-02
8.432803174556900705e-02
8.435954478686830127e-02
8.436219385342345889e-02
8.442927251243101394e-02
7.086480714494577948e-02
-1.297158188138549523e-02
2.055739949646842070e-03
9.101706969181329321e-02
8.579501765240551969e-02
8.435049303957811717e-02
8.393473389889691272e-02
8.514012187273925503e-02
8.518417871171853062e-02
8.524211781710804015e-02
8.528746185047561545e-02
8.534312626209858421e-02
8.537917714745114905e-02
8.546478874498039668e-02
8.132976982638280561e-02
-1.032672945416870242e-02
1.943862182223727187e-03
9.169666191793432453e-02
8.636834943312932111e-02
8.467826167447063679e-02
8.415898168282585912e-02
8.531129483038464578e-02
8.535250203223834764e-02
8.540764658749816496e-02
8.545015523315986627e-02
8.550383745571264738e-02
8.553539478707197774e-02
8.562145371360987967e-02
7.960180834485888757e-02
-1.119229187030548571e-02
1.953772543994448767e-03
9.145043264608639089e-02
8.616632415924067867e-02
8.456129838233818197e-02
8.407309749900995777e-02
8.518615850054592209e-02
8.522543449492132883e-02
8.527827057335313210e-02
8.531879834550237796e-02
8.537007461260993912e-02
8.539993444552446133e-02
8.548220441729049990e-02
7.955760665835048817e-02
-1.100223118326114531e-02
1.974631639510358860e-03
9.154444479625270525e-02
8.623443026591481875e-02
8.460495493514295917e-02
8.410483953428429804e-02
8.521381645814919692e-02
8.525307123954026234e-02
8.530590504853879930e-02
8.534636877938577004e-02
8.539791482038039394e-02
8.542719306447893457e-02
8.551080423097603966e-02
7.908429395681057517e-02
-1.117012385100235074e-02
1.976824849624104000e-03
9.153041962858442238e-02
8.624787730033615929e-02
8.465513005703534377e-02
8.412630610583875235e-02
8.519956930912409021e-02
8.523688036697740777e-02
8.528760311952733597e-02
8.532617816937462796e-02
8.537567590170036524e-02
8.540307497424094729e-02
8.548401316673749639e-02
7.886505910774729844e-02
-1.113697926589183110e-02
1.982745876578125357e-03
9.152104374844124979e-02
8.620272434212951362e-02
8.452165992652509174e-02
8.398195409905680198e-02
8.505530884859001384e-02
8.509277470108132790e-02
8.514367181413658170e-02
8.518240236100338425e-02
8.523221501890375362e-02
8.525958135144420802e-02
8.534136754661859892e-02
7.854609246669705391e-02
-1.117213329143271032e-02
1.981511948034131703e-03
9.152050557935906272e-02
8.620394711952771016e-02
8.452879911561371473e-02
8.397669449820321930e-02
8.501781367612383511e-02
8.505368523015230386e-02
8.510279634872060239e-02
8.513993207465485324e-02
8.518808456008750141e-02
8.521372788709831447e-02
8.529358087412952649e-02
7.821433799371790840e-02
-1.114818831768237331e-02
1.982943431059133298e-03
1.636034174898082531e-04
1.428966363674673973e-04
1.048450386827986126e-04
8.347613887493393050e-05
5.377806849097403367e-05
5.229467176508141178e-05
5.068893896135417786e-05
4.919571992049343061e-05
4.781790120546037517e-05
4.593391535507841222e-05
4.484046902800514599e-05
-4.792791421729581834e-04
-1.345985429380131123e-04
1.121226667677718155e-05
-4.097037750780660638e-05
-3.585857596364938138e-05
-2.653523128191666915e-05
-2.157420824552101017e-05
-1.440448992308945417e-05
-1.404523039187234021e-05
-1.365712788231013200e-05
-1.329401509648288144e-05
-1.296293355132814931e-05
-1.249706670912618292e-05
-1.224721730225710722e-05
1.220393630193092083e-04
3.797416421601289814e-05
-3.131280833513512264e-06
3.956531793245531735e-06
3.482616403851937071e-06
2.642021412552215113e-06
2.244432761789045281e-06
1.623217192392251936e-06
1.591874464656872006e-06
1.558153522405371894e-06
1.526236351576591141e-06
1.497777381833124545e-06
1.455573972018037050e-06
1.436204082427574496e-06
-1.147547612099404341e-05
-4.200860439536664877e-06
3.441403029193479552e-07
